 alpha1 =  1.381451326794896E+000
 alpha2 =  1.000000000000000E-016
 alpha3 =  1.000000000000000E-016
 beta  =  1.338987408309523E+000
