 alpha1 = -1.893450000000000E-001
 alpha2 = -1.893450000000000E-001
 alpha3 = -1.893450000000000E-001 
 beta  =  1.338987408309523E+000
