MC =   1.4314130    
MB =   4.8414130    
